100;12;15;4465;4864;2000;6;0.16666666666666666;0.333;0.667;0.43333333333333335;0.867;1.733;0.03333333333333333;0.067;0.133;0.5;1.0;2.0;0.4;0.865;1.131;0.433;0.918;0.944;0.433;0.871;1.051
101;12;15;5147;5472;2000;6;0.1;0.2;0.4;0.5;1.0;2.0;0.1;0.2;0.4;0.4666666666666667;0.933;1.867;0.3;0.803;0.939;0.367;0.92;0.906;0.4;0.862;0.912
102;12;15;4651;5035;2000;6;0.26666666666666666;0.533;1.067;0.5;1.0;2.0;0.2;0.4;0.8;0.5;1.0;2.0;0.4;1.015;1.391;0.467;1.006;1.046;0.433;1.009;1.115
103;12;15;5247;5784;2000;6;0.23333333333333334;0.467;0.933;0.36666666666666664;0.733;1.467;0.06666666666666667;0.133;0.267;0.6;1.2;2.4;0.4;0.976;1.121;0.4;0.994;1.003;0.367;0.989;1.016
104;12;15;5188;5715;2000;6;0.2;0.4;0.8;0.6333333333333333;1.267;2.533;0.23333333333333334;0.467;0.933;0.5333333333333333;1.067;2.133;0.633;1.09;1.378;0.533;1.003;1.032;0.567;1.009;1.088
105;12;15;5127;5582;2000;6;0.13333333333333333;0.267;0.533;0.43333333333333335;0.867;1.733;0.03333333333333333;0.067;0.133;0.36666666666666664;0.733;1.467;0.467;0.907;1.15;0.567;0.975;0.981;0.5;0.954;0.995
106;12;15;5284;5823;2000;6;0.2;0.4;0.8;0.43333333333333335;0.867;1.733;0.1;0.2;0.4;0.5666666666666667;1.133;2.267;0.533;1.041;1.507;0.4;0.959;0.958;0.4;0.931;0.973
120;12;15;5250;5677;2000;6;0.2;0.4;0.8;0.4;0.8;1.6;0.1;0.2;0.4;0.4666666666666667;0.933;1.867;0.333;0.888;1.127;0.5;0.984;1.009;0.5;0.974;1.066
121;12;15;5164;5692;2000;6;0.16666666666666666;0.333;0.667;0.4;0.8;1.6;0.1;0.2;0.4;0.5;1.0;2.0;0.367;0.841;0.943;0.433;0.952;0.936;0.433;0.918;0.937
122;12;15;4705;5140;2000;6;0.23333333333333334;0.467;0.933;0.5333333333333333;1.067;2.133;0.13333333333333333;0.267;0.533;0.4666666666666667;0.933;1.867;0.467;0.972;1.421;0.467;0.984;1.027;0.467;0.973;1.118
123;12;15;5091;5496;2000;6;0.16666666666666666;0.333;0.667;0.5;1.0;2.0;0.13333333333333333;0.267;0.533;0.43333333333333335;0.867;1.733;0.567;0.993;1.291;0.467;1.006;1.034;0.467;1.002;1.069
124;12;15;5007;5406;2000;6;0.2;0.4;0.8;0.2;0.4;0.8;0.2;0.4;0.8;0.2;0.4;0.8;0.2;0.62;0.549;0.133;0.856;0.763;0.167;0.748;0.644
125;12;15;5218;5755;2000;6;0.23333333333333334;0.467;0.933;0.4;0.8;1.6;0.1;0.2;0.4;0.4666666666666667;0.933;1.867;0.267;0.73;0.813;0.3;0.96;0.928;0.267;0.931;0.883
126;12;15;5228;5762;2000;6;0.16666666666666666;0.333;0.667;0.4666666666666667;0.933;1.867;0.06666666666666667;0.133;0.267;0.36666666666666664;0.733;1.467;0.367;0.793;1.072;0.333;0.983;0.975;0.3;0.971;0.966
140;12;15;5113;5512;2000;6;0.2;0.4;0.8;0.3333333333333333;0.667;1.333;0.16666666666666666;0.333;0.667;0.26666666666666666;0.533;1.067;0.2;0.662;0.664;0.233;0.895;0.825;0.267;0.823;0.744
141;12;15;3446;3878;2000;6;0.1;0.2;0.4;0.43333333333333335;0.867;1.733;0.06666666666666667;0.133;0.267;0.4;0.8;1.6;0.467;0.902;1.507;0.467;0.912;1.033;0.467;0.879;1.24
142;12;15;4619;5020;2000;6;0.16666666666666666;0.333;0.667;0.43333333333333335;0.867;1.733;0.13333333333333333;0.267;0.533;0.4666666666666667;0.933;1.867;0.5;0.966;1.465;0.5;0.98;1.068;0.5;0.968;1.256
143;12;15;5026;5459;2000;6;0.26666666666666666;0.533;1.067;0.6;1.2;2.4;0.16666666666666666;0.333;0.667;0.4666666666666667;0.933;1.867;0.467;1.018;1.517;0.533;0.998;1.054;0.533;0.998;1.161
144;12;15;5169;5658;2000;6;0.26666666666666666;0.533;1.067;0.43333333333333335;0.867;1.733;0.13333333333333333;0.267;0.533;0.36666666666666664;0.733;1.467;0.333;0.829;1.117;0.433;0.984;0.993;0.433;0.974;1.029
145;12;15;5251;5786;2000;6;0.2;0.4;0.8;0.5;1.0;2.0;0.1;0.2;0.4;0.4;0.8;1.6;0.3;0.839;0.883;0.4;0.947;0.935;0.433;0.916;0.941
146;12;15;3898;4420;2000;6;0.16666666666666666;0.333;0.667;0.6;1.2;2.4;0.16666666666666666;0.333;0.667;0.7;1.4;2.8;0.433;0.916;1.033;0.433;0.981;0.969;0.433;0.972;0.963
147;12;15;3671;4072;2000;6;0.16666666666666666;0.333;0.667;0.5;1.0;2.0;0.03333333333333333;0.067;0.133;0.36666666666666664;0.733;1.467;0.467;0.998;1.384;0.567;0.999;1.009;0.567;0.995;1.025
160;12;15;4584;5001;2000;6;0.23333333333333334;0.467;0.933;0.26666666666666666;0.533;1.067;0.1;0.2;0.4;0.4;0.8;1.6;0.267;0.705;0.764;0.3;0.934;0.887;0.3;0.881;0.822
161;12;15;4738;5203;2000;6;0.2;0.4;0.8;0.5;1.0;2.0;0.13333333333333333;0.267;0.533;0.5;1.0;2.0;0.467;0.961;1.572;0.467;0.929;1.041;0.467;0.911;1.202
162;12;15;5269;5802;2000;6;0.3;0.6;1.2;0.43333333333333335;0.867;1.733;0.2;0.4;0.8;0.43333333333333335;0.867;1.733;0.4;0.936;1.379;0.4;0.962;0.998;0.4;0.933;1.096
163;12;15;4485;4924;2000;6;0.16666666666666666;0.333;0.667;0.4;0.8;1.6;0.1;0.2;0.4;0.4;0.8;1.6;0.433;0.855;0.959;0.4;0.96;0.945;0.4;0.935;0.938
164;12;15;3397;3691;2000;6;0.26666666666666666;0.533;1.067;0.3333333333333333;0.667;1.333;0.06666666666666667;0.133;0.267;0.43333333333333335;0.867;1.733;0.367;0.919;1.275;0.333;0.954;0.956;0.333;0.923;0.994
165;12;15;4985;5381;2000;6;0.23333333333333334;0.467;0.933;0.4666666666666667;0.933;1.867;0.23333333333333334;0.467;0.933;0.43333333333333335;0.867;1.733;0.4;0.959;1.329;0.5;0.964;0.985;0.467;0.94;1.045
166;12;15;4921;5350;2000;6;0.16666666666666666;0.333;0.667;0.43333333333333335;0.867;1.733;0.1;0.2;0.4;0.43333333333333335;0.867;1.733;0.433;0.908;1.266;0.4;0.982;0.978;0.4;0.965;0.982
167;12;15;4588;5011;2000;6;0.16666666666666666;0.333;0.667;0.43333333333333335;0.867;1.733;0.1;0.2;0.4;0.5;1.0;2.0;0.4;0.872;1.007;0.533;1.006;1.034;0.533;1.013;1.097
180;12;15;5346;5851;2000;6;0.23333333333333334;0.467;0.933;0.43333333333333335;0.867;1.733;0.1;0.2;0.4;0.43333333333333335;0.867;1.733;0.4;0.857;1.186;0.467;0.961;0.954;0.467;0.932;0.957
181;12;15;5161;5689;2000;6;0.26666666666666666;0.533;1.067;0.36666666666666664;0.733;1.467;0.23333333333333334;0.467;0.933;0.3;0.6;1.2;0.3;0.771;0.976;0.4;0.926;0.896;0.4;0.873;0.874
182;12;15;4594;5122;2000;6;0.2;0.4;0.8;0.5;1.0;2.0;0.2;0.4;0.8;0.5333333333333333;1.067;2.133;0.5;0.962;1.209;0.4;0.96;0.971;0.4;0.935;1.013
183;12;15;5201;5729;2000;6;0.1;0.2;0.4;0.36666666666666664;0.733;1.467;0.1;0.2;0.4;0.36666666666666664;0.733;1.467;0.333;0.921;1.191;0.433;0.973;1.057;0.467;0.946;1.139
184;12;15;4140;4571;2000;6;0.1;0.2;0.4;0.5666666666666667;1.133;2.267;0.1;0.2;0.4;0.5666666666666667;1.133;2.267;0.5;0.955;1.232;0.533;1.002;1.032;0.533;1.006;1.1
185;12;15;3469;3900;2000;6;0.13333333333333333;0.267;0.533;0.4666666666666667;0.933;1.867;0.13333333333333333;0.267;0.533;0.4666666666666667;0.933;1.867;0.433;0.985;1.362;0.433;1.001;1.043;0.433;1.004;1.123
186;12;15;4447;4983;2000;6;0.1;0.2;0.4;0.36666666666666664;0.733;1.467;0.06666666666666667;0.133;0.267;0.43333333333333335;0.867;1.733;0.367;0.88;1.11;0.4;0.916;0.94;0.4;0.864;1.022
200;12;15;5168;5699;2000;6;0.16666666666666666;0.333;0.667;0.5;1.0;2.0;0.16666666666666666;0.333;0.667;0.5666666666666667;1.133;2.267;0.4;0.898;1.177;0.467;0.983;1.007;0.467;0.976;1.068
201;12;15;5121;5648;2000;6;0.16666666666666666;0.333;0.667;0.5;1.0;2.0;0.06666666666666667;0.133;0.267;0.4666666666666667;0.933;1.867;0.433;0.868;1.17;0.4;0.963;0.974;0.4;0.943;1.021
202;12;15;3500;3911;2000;6;0.2;0.4;0.8;0.4;0.8;1.6;0.1;0.2;0.4;0.43333333333333335;0.867;1.733;0.467;0.927;1.109;0.467;0.96;0.951;0.467;0.94;0.969
203;12;15;4734;5269;2000;6;0.23333333333333334;0.467;0.933;0.4;0.8;1.6;0.23333333333333334;0.467;0.933;0.43333333333333335;0.867;1.733;0.4;0.785;0.894;0.3;0.924;0.871;0.3;0.876;0.817
204;12;15;5194;5726;2000;6;0.16666666666666666;0.333;0.667;0.3333333333333333;0.667;1.333;0.16666666666666666;0.333;0.667;0.36666666666666664;0.733;1.467;0.3;0.799;0.958;0.3;0.924;0.905;0.3;0.873;0.915
205;12;15;4978;5409;2000;6;0.2;0.4;0.8;0.6;1.2;2.4;0.2;0.4;0.8;0.6;1.2;2.4;0.567;1.066;1.759;0.567;1.018;1.103;0.567;1.039;1.287
206;12;15;5235;5769;2000;6;0.1;0.2;0.4;0.5333333333333333;1.067;2.133;0.16666666666666666;0.333;0.667;0.5;1.0;2.0;0.4;0.904;1.008;0.533;0.99;1.0;0.467;0.983;1.014
220;12;15;4553;5092;2000;6;0.26666666666666666;0.533;1.067;0.4666666666666667;0.933;1.867;0.2;0.4;0.8;0.5;1.0;2.0;0.467;0.887;1.281;0.467;0.955;0.976;0.467;0.923;1.035
221;12;15;5394;5931;2000;6;0.16666666666666666;0.333;0.667;0.4;0.8;1.6;0.16666666666666666;0.333;0.667;0.4;0.8;1.6;0.4;0.828;1.4;0.4;0.932;1.005;0.4;0.904;1.076
222;12;15;5329;5863;2000;6;0.2;0.4;0.8;0.5;1.0;2.0;0.16666666666666666;0.333;0.667;0.4666666666666667;0.933;1.867;0.5;0.999;1.374;0.433;1.008;1.034;0.433;1.013;1.078
223;12;15;4106;4635;2000;6;0.26666666666666666;0.533;1.067;0.4666666666666667;0.933;1.867;0.16666666666666666;0.333;0.667;0.5333333333333333;1.067;2.133;0.467;0.98;1.316;0.467;0.99;1.044;0.467;0.982;1.156
224;12;15;5233;5633;2000;6;0.13333333333333333;0.267;0.533;0.43333333333333335;0.867;1.733;0.2;0.4;0.8;0.4;0.8;1.6;0.4;0.905;1.136;0.367;0.945;0.925;0.4;0.904;0.912
225;12;15;4871;5294;2000;6;0.13333333333333333;0.267;0.533;0.4;0.8;1.6;0.13333333333333333;0.267;0.533;0.5333333333333333;1.067;2.133;0.433;0.921;1.195;0.433;0.983;1.006;0.433;0.972;1.068
226;12;15;5168;5701;2000;6;0.1;0.2;0.4;0.4666666666666667;0.933;1.867;0.1;0.2;0.4;0.5333333333333333;1.067;2.133;0.367;0.989;1.426;0.433;0.98;1.022;0.4;0.974;1.146
